  0.000000   3.451010   0.710373
  0.017502   3.454513   0.710204
  0.035004   3.465047   0.709696
  0.052506   3.482695   0.708847
  0.070008   3.507594   0.707651
  0.087510   3.539940   0.706103
  0.105011   3.579990   0.704194
  0.122513   3.628066   0.701913
  0.140015   3.684562   0.699247
  0.157517   3.749947   0.696182
  0.175019   3.824778   0.692700
  0.192521   3.909706   0.688780
  0.210023   4.005488   0.684399
  0.227525   4.113005   0.679529
  0.245027   4.233271   0.674140
  0.262529   4.367464   0.668198
  0.280031   4.516940   0.661662
  0.297532   4.683269   0.654488
  0.315034   4.868265   0.646625
  0.332536   5.074031   0.638015
  0.350038   5.303007   0.628594
  0.367540   5.558036   0.618286
  0.385042   5.842428   0.607008
  0.402544   6.160063   0.594664
  0.420046   6.515487   0.581146
  0.437548   6.914056   0.566331
  0.455050   7.362096   0.550077
  0.472552   7.867099   0.532225
  0.490053   8.437974   0.512594
  0.507555   9.085345   0.490975
  0.525057   9.821910   0.467138
  0.542559  10.662887   0.440819
  0.560061  11.626529   0.411728
  0.577563  12.734738   0.379544
  0.595065  14.013740   0.343926
  0.612567  15.494790   0.304524
  0.630069  17.214808   0.261003
  0.647571  19.216706   0.213087
  0.665073  21.549035   0.160641
  0.682574  24.264200   0.103787
  0.700076  27.414039   0.043104
  0.717578  31.040890  -0.020089
  0.735080  35.161635  -0.083343
  0.752582  39.742204  -0.142618
  0.770084  44.662196  -0.191872
  0.787586  49.675906  -0.223010
  0.805088  54.388637  -0.226655
  0.822590  58.280543  -0.194174
  0.840092  60.806933  -0.120796
  0.857594  61.563283  -0.008523
  0.875095  60.438632   0.133180
  0.892597  57.659154   0.289909
  0.910099  53.691658   0.446768
  0.927601  49.075556   0.592168
  0.945103  44.281057   0.719391
  0.962605  39.642205   0.826112
  0.980107  35.355065   0.912993
  0.997609  31.508456   0.982262
  1.015111  28.120841   1.036705
  1.032613  25.170655   1.079071
  1.050115  22.617110   1.111801
  1.067616  20.412849   1.136939
  1.085118  18.510894   1.156140
  1.102620  16.868020   1.170718
  1.120122  15.446068   1.181703
  1.137624  14.212152   1.189898
  1.155126  13.138336   1.195930
  1.172628  12.201076   1.200283
  1.190130  11.380618   1.203338
  1.207632  10.660415   1.205388
  1.225134  10.026609   1.206666
  1.242636   9.467579   1.207353
  1.260137   8.973567   1.207592
  1.277639   8.536360   1.207495
  1.295141   8.149030   1.207152
  1.312643   7.805723   1.206633
  1.330145   7.501476   1.205996
  1.347647   7.232080   1.205285
  1.365149   6.993961   1.204536
  1.382651   6.784077   1.203778
  1.400153   6.599847   1.203033
  1.417655   6.439079   1.202322
  1.435157   6.299919   1.201657
  1.452658   6.180808   1.201052
  1.470160   6.080445   1.200514
  1.487662   5.997758   1.200053
  1.505164   5.931879   1.199673
  1.522666   5.882129   1.199378
  1.540168   5.848002   1.199172
  1.557670   5.829152   1.199057
  1.575172   5.825392   1.199034
  1.592674   5.836683   1.199103
  1.610176   5.863138   1.199264
  1.627678   5.905023   1.199514
  1.645179   5.962764   1.199852
  1.662681   6.036951   1.200274
  1.680183   6.128355   1.200774
  1.697685   6.237944   1.201346
  1.715187   6.366902   1.201983
  1.732689   6.516653   1.202672
  1.750191   6.688901   1.203402
  1.767693   6.885661   1.204156
  1.785195   7.109313   1.204913
  1.802697   7.362659   1.205647
  1.820199   7.648996   1.206327
  1.837700   7.972203   1.206911
  1.855202   8.336849   1.207349
  1.872704   8.748323   1.207579
  1.890206   9.212992   1.207521
  1.907708   9.738396   1.207074
  1.925210  10.333486   1.206112
  1.942712  11.008908   1.204473
  1.960214  11.777350   1.201953
  1.977716  12.653953   1.198290
  1.995218  13.656799   1.193151
  2.012720  14.807462   1.186106
  2.030221  16.131606   1.176605
  2.047723  17.659582   1.163937
  2.065225  19.426895   1.147192
  2.082727  21.474316   1.125207
  2.100229  23.847211   1.096503
  2.117731  26.593350   1.059236
  2.135233  29.757973   1.011160
  2.152735  33.374293   0.949659
  2.170237  37.447053   0.871916
  2.187739  41.926967   0.775325
  2.205241  46.676274   0.658285
  2.222742  51.432500   0.521436
  2.240244  55.789912   0.369154
  2.257746  59.230328   0.210639
  2.275248  61.229320   0.059483
  2.292750  61.421417  -0.069090
  2.310252  59.745114  -0.162654
  2.327754  56.472391  -0.215359
  2.345256  52.100216  -0.228859
  2.362758  47.178470  -0.210279
  2.380260  42.171772  -0.168959
  2.397762  37.399474  -0.113806
  2.415263  33.040089  -0.051918
  2.432765  29.165939   0.011700
  2.450267  25.781771   0.073863
  2.467769  22.855433   0.132742
  2.485271  20.338347   0.187430
  2.502773  18.177608   0.237607
  2.520275  16.322387   0.283298
  2.537777  14.726840   0.324720
  2.555279  13.351062   0.362186
  2.572781  12.161034   0.396043
  2.590283  11.128099   0.426639
  2.607784  10.228284   0.454306
  2.625286   9.441592   0.479350
  2.642788   8.751357   0.502047
  2.660290   8.143682   0.522644
  2.677792   7.606956   0.541362
  2.695294   7.131454   0.558393
  2.712796   6.709008   0.573909
  2.730298   6.332737   0.588060
  2.747800   5.996823   0.600976
  2.765302   5.696333   0.612774
  2.782804   5.427070   0.623556
  2.800305   5.185450   0.633410
  2.817807   4.968408   0.642418
  2.835309   4.773309   0.650646
  2.852811   4.597891   0.658158
  2.870313   4.440199   0.665007
  2.887815   4.298547   0.671241
  2.905317   4.171475   0.676902
  2.922819   4.057720   0.682027
  2.940321   3.956189   0.686648
  2.957823   3.865935   0.690796
  2.975325   3.786144   0.694494
  2.992826   3.716111   0.697766
  3.010328   3.655234   0.700629
  3.027830   3.603002   0.703100
  3.045332   3.558983   0.705194
  3.062834   3.522821   0.706922
  3.080336   3.494227   0.708293
  3.097838   3.472974   0.709315
  3.115340   3.458897   0.709993
  3.132842   3.451885   0.710331
  3.150344   3.451885   0.710331
  3.167846   3.458897   0.709993
  3.185347   3.472974   0.709315
  3.202849   3.494227   0.708293
  3.220351   3.522821   0.706922
  3.237853   3.558983   0.705194
  3.255355   3.603002   0.703100
  3.272857   3.655234   0.700629
  3.290359   3.716111   0.697766
  3.307861   3.786144   0.694494
  3.325363   3.865935   0.690796
  3.342865   3.956189   0.686648
  3.360367   4.057720   0.682027
  3.377868   4.171475   0.676902
  3.395370   4.298547   0.671241
  3.412872   4.440199   0.665007
  3.430374   4.597891   0.658158
  3.447876   4.773309   0.650646
  3.465378   4.968408   0.642418
  3.482880   5.185450   0.633410
  3.500382   5.427070   0.623556
  3.517884   5.696333   0.612774
  3.535386   5.996823   0.600976
  3.552888   6.332737   0.588060
  3.570389   6.709008   0.573909
  3.587891   7.131454   0.558393
  3.605393   7.606956   0.541362
  3.622895   8.143682   0.522644
  3.640397   8.751357   0.502047
  3.657899   9.441592   0.479350
  3.675401  10.228284   0.454306
  3.692903  11.128099   0.426639
  3.710405  12.161034   0.396043
  3.727907  13.351062   0.362186
  3.745409  14.726840   0.324720
  3.762910  16.322387   0.283298
  3.780412  18.177608   0.237607
  3.797914  20.338347   0.187430
  3.815416  22.855433   0.132742
  3.832918  25.781771   0.073863
  3.850420  29.165939   0.011700
  3.867922  33.040089  -0.051918
  3.885424  37.399474  -0.113806
  3.902926  42.171772  -0.168959
  3.920428  47.178470  -0.210279
  3.937930  52.100216  -0.228859
  3.955431  56.472391  -0.215359
  3.972933  59.745114  -0.162654
  3.990435  61.421417  -0.069090
  4.007937  61.229320   0.059483
  4.025439  59.230328   0.210639
  4.042941  55.789912   0.369154
  4.060443  51.432500   0.521436
  4.077945  46.676274   0.658285
  4.095447  41.926967   0.775325
  4.112949  37.447053   0.871916
  4.130451  33.374293   0.949659
  4.147952  29.757973   1.011160
  4.165454  26.593350   1.059236
  4.182956  23.847211   1.096503
  4.200458  21.474316   1.125207
  4.217960  19.426895   1.147192
  4.235462  17.659582   1.163937
  4.252964  16.131606   1.176605
  4.270466  14.807462   1.186106
  4.287968  13.656799   1.193151
  4.305470  12.653953   1.198290
  4.322972  11.777350   1.201953
  4.340473  11.008908   1.204473
  4.357975  10.333486   1.206112
  4.375477   9.738396   1.207074
  4.392979   9.212992   1.207521
  4.410481   8.748323   1.207579
  4.427983   8.336849   1.207349
  4.445485   7.972203   1.206911
  4.462987   7.648996   1.206327
  4.480489   7.362659   1.205647
  4.497991   7.109313   1.204913
  4.515493   6.885661   1.204156
  4.532994   6.688901   1.203402
  4.550496   6.516653   1.202672
  4.567998   6.366902   1.201983
  4.585500   6.237944   1.201346
  4.603002   6.128355   1.200774
  4.620504   6.036951   1.200274
  4.638006   5.962764   1.199852
  4.655508   5.905023   1.199514
  4.673010   5.863138   1.199264
  4.690512   5.836683   1.199103
  4.708014   5.825392   1.199034
  4.725515   5.829152   1.199057
  4.743017   5.848002   1.199172
  4.760519   5.882129   1.199378
  4.778021   5.931879   1.199673
  4.795523   5.997758   1.200053
  4.813025   6.080445   1.200514
  4.830527   6.180808   1.201052
  4.848029   6.299919   1.201657
  4.865531   6.439079   1.202322
  4.883033   6.599847   1.203033
  4.900535   6.784077   1.203778
  4.918036   6.993961   1.204536
  4.935538   7.232080   1.205285
  4.953040   7.501476   1.205996
  4.970542   7.805723   1.206633
  4.988044   8.149030   1.207152
  5.005546   8.536360   1.207495
  5.023048   8.973567   1.207592
  5.040550   9.467579   1.207353
  5.058052  10.026609   1.206666
  5.075554  10.660415   1.205388
  5.093055  11.380618   1.203338
  5.110557  12.201076   1.200283
  5.128059  13.138336   1.195930
  5.145561  14.212152   1.189898
  5.163063  15.446068   1.181703
  5.180565  16.868020   1.170718
  5.198067  18.510894   1.156140
  5.215569  20.412849   1.136939
  5.233071  22.617110   1.111801
  5.250573  25.170655   1.079071
  5.268075  28.120841   1.036705
  5.285576  31.508456   0.982262
  5.303078  35.355065   0.912993
  5.320580  39.642205   0.826112
  5.338082  44.281057   0.719391
  5.355584  49.075556   0.592168
  5.373086  53.691658   0.446768
  5.390588  57.659154   0.289909
  5.408090  60.438632   0.133180
  5.425592  61.563283  -0.008523
  5.443094  60.806933  -0.120796
  5.460596  58.280543  -0.194174
  5.478097  54.388637  -0.226655
  5.495599  49.675906  -0.223010
  5.513101  44.662196  -0.191872
  5.530603  39.742204  -0.142618
  5.548105  35.161635  -0.083343
  5.565607  31.040890  -0.020089
  5.583109  27.414039   0.043104
  5.600611  24.264200   0.103787
  5.618113  21.549035   0.160641
  5.635615  19.216706   0.213087
  5.653117  17.214808   0.261003
  5.670618  15.494790   0.304524
  5.688120  14.013740   0.343926
  5.705622  12.734738   0.379544
  5.723124  11.626529   0.411728
  5.740626  10.662887   0.440819
  5.758128   9.821910   0.467138
  5.775630   9.085345   0.490975
  5.793132   8.437974   0.512594
  5.810634   7.867099   0.532225
  5.828136   7.362096   0.550077
  5.845638   6.914056   0.566331
  5.863139   6.515487   0.581146
  5.880641   6.160063   0.594664
  5.898143   5.842428   0.607008
  5.915645   5.558036   0.618286
  5.933147   5.303007   0.628594
  5.950649   5.074031   0.638015
  5.968151   4.868265   0.646625
  5.985653   4.683269   0.654488
  6.003155   4.516940   0.661662
  6.020657   4.367464   0.668198
  6.038159   4.233271   0.674140
  6.055660   4.113005   0.679529
  6.073162   4.005488   0.684399
  6.090664   3.909706   0.688780
  6.108166   3.824778   0.692700
  6.125668   3.749947   0.696182
  6.143170   3.684562   0.699247
  6.160672   3.628066   0.701913
  6.178174   3.579990   0.704194
  6.195676   3.539940   0.706103
  6.213178   3.507594   0.707651
  6.230680   3.482695   0.708847
  6.248181   3.465047   0.709696
  6.265683   3.454513   0.710204
  6.283185   3.451010   0.710373
